202.69511221593314
170.74212066149732
143.132462470152
133.135691950705
149.5362296725017
183.98842696868795
223.80896873070697
261.70498212768274
295.0539919672037
323.05173581696533
345.70465084391424
363.2532669707564
376.06680900905644
383.3884399314554
382.2426700193687
370.4186763564384
347.7148406277527
315.7298734667155
278.3406372805222
239.8820210069928
205.92761841400213
181.8001184560485
169.7739121788044
168.8074084787139
177.6581156060531
196.09217000558357
223.90650935558486
259.3710971174814
298.1413192940748
334.03539264475967
361.2657827169146
375.2851051750601
373.9073794667926
358.48277346846083
334.4113744284842
309.7193282894715
292.71652462843537
288.3662480995269
295.6602628657022
308.91464852348963
321.05228469208015
325.8045361229134
319.31619085802396
299.98651007842096
267.945065097212
224.78094787127162
174.01914777880995
121.46890646980493
74.93680945902204
