  -5317.83665113    4352.94536823   -2965.60571055
  -5459.81033278    4272.44461680   -2823.06035775
  -5597.11289007    4188.28878221   -2678.09387280
  -5729.62755942    4100.55037936   -2530.83092361
  -5857.24145898    4009.30478822   -2381.39800059
  -5979.84566715    3914.63020026   -2229.92332702
  -6097.33529932    3816.60756340   -2076.53676850
  -6209.60958247    3715.32052563   -1921.36974153
  -6316.57192787    3610.85537707   -1764.55512118
  -6418.13000165    3503.30099071   -1606.22714792
  -6514.19579341    3392.74876167   -1446.52133351
  -6604.68568273    3279.29254503   -1285.57436609
  -6689.52050360    3163.02859217   -1123.52401433
  -6768.62560667    3044.05548578    -960.50903078
  -6841.93091943    2922.47407326    -796.66905431
  -6909.37100414    2798.38739880    -632.14451175
  -6970.88511355    2671.90063390    -467.07651864
  -7026.41724432    2543.12100647    -301.60677918
  -7075.91618820    2412.15772842    -135.87748534
  -7119.33558078    2279.12192181      29.96878486
  -7156.63394786    2144.12654344     195.78916980
  -7187.77474933    2007.28630807     361.44062758
  -7212.72642060    1868.71760999     526.78004005
  -7231.46241137    1728.53844326     691.66431763
  -7243.96122184    1586.86832030     855.95050479
  -7250.20643617    1443.82818911    1019.49588632
  -7250.18675324    1299.54034888    1182.15809420
  -7243.89601448    1154.12836423    1343.79521519
  -7231.33322892    1007.71697783    1504.26589898
  -7216.76978672     889.95291922    1631.70794766
